#0: Emin_bin(MeV) 1: Emax_bin(MeV) 2: F(erg/cm2/s) 3: F_error(erg/cm2/s)
2.80e+05 3.71e+05 4.56e-12 3.61e-12
3.71e+05 4.92e+05 4.55e-12 3.57e-12
4.98e+05 6.60e+05 4.29e-12 3.45e-12
6.75e+05 8.94e+05 4.42e-12 3.52e-12
8.89e+05 1.18e+06 4.47e-12 3.54e-12
1.19e+06 1.58e+06 4.58e-12 3.56e-12
1.60e+06 2.12e+06 4.32e-12 3.15e-12
2.15e+06 2.85e+06 3.51e-12 2.39e-12
2.74e+06 3.64e+06 5.31e-12 3.91e-12
3.83e+06 5.08e+06 6.04e-12 4.24e-12
4.83e+06 6.40e+06 2.21e-12 1.15e-12
9.35e+06 1.24e+07 2.45e-12 1.32e-12
1.92e+07 2.54e+07 1.07e-11 5.91e-12