#0: Emin_bin(MeV) 1: Emax_bin(MeV) 2: F(erg/cm2/s) 3: F_error(erg/cm2/s)
1.93e+05 2.44e+05 2.04e-11 1.02e-11
2.44e+05 3.10e+05 4.86e-12 2.86e-12
3.38e+05 4.28e+05 7.40e-12 2.49e-12
4.68e+05 5.92e+05 8.96e-12 3.01e-12
6.47e+05 8.20e+05 5.42e-12 1.03e-12
8.95e+05 1.13e+06 5.51e-12 1.85e-12
1.24e+06 1.57e+06 3.53e-12 9.19e-13
1.73e+06 2.19e+06 2.91e-12 1.21e-12
2.49e+06 3.15e+06 3.59e-12 1.49e-12
3.41e+06 4.32e+06 2.01e-12 1.00e-12
4.62e+06 5.86e+06 1.56e-12 6.47e-13
8.26e+06 1.05e+07 8.35e-13 4.91e-13