#0: Emin_bin(MeV) 1: Emax_bin(MeV) 2: F(erg/cm2/s) 3: F_error(erg/cm2/s)
1.96e+05 2.67e+05 2.84e-13 4.17e-13
2.67e+05 3.64e+05 7.04e-13 2.02e-13
3.96e+05 5.39e+05 8.37e-13 2.02e-13
5.78e+05 7.88e+05 4.70e-13 1.14e-13
8.39e+05 1.14e+06 4.16e-13 1.39e-13
1.24e+06 1.69e+06 6.60e-13 1.90e-13
1.82e+06 2.47e+06 4.94e-13 1.66e-13
2.69e+06 3.66e+06 2.30e-13 2.27e-13
4.01e+06 5.47e+06 2.49e-13 2.63e-13
5.99e+06 8.16e+06 5.15e-13 3.08e-13
8.94e+06 1.22e+07 4.17e-13 3.54e-13
1.35e+07 1.84e+07 3.24e-13 3.43e-13