  // Westerlund 1 spectrum in the form <E>, F, F_err,high, F_err,low

  // 1.1 degree region
  0.562341,1.63165e-11 , 1.06665e-11 , 1.06677e-11 
  1,8.65394e-12 , 2.69447e-12 , 2.694e-12
  1.77828,3.15643e-12 , 7.61697e-13 , 7.6117e-13
  3.16228,8.58517e-13 , 2.41205e-13 , 2.40848e-13
  5.62341,2.46071e-13 , 7.44988e-14 , 7.41038e-14
  10,7.08399e-14 , 2.46605e-14 , 2.43956e-14
  17.7828,2.71905e-14 , 7.69554e-15 , 7.42286e-15
  31.2254 , 1.11978e-15 , 2.00187e-15 , 1.96139e-15 , 0. ,0. 
  54.7536 , 5.10438e-16 , 7.43142e-16 , 6.96294e-16 , 0. ,0. 

  // region A
  0.287298 ,1.96982e-11 , 8.45683e-12 , 8.316e-12
  0.510897 ,1.33332e-11 , 3.26774e-12 , 3.22328e-12
  0.908518 ,2.53823e-12 , 8.98623e-13 , 8.78415e-13
  1.6156 ,7.11996e-13 , 2.51618e-13 , 2.43157e-13
  2.87298 ,3.28133e-13 , 8.40211e-14 , 7.97649e-14
  6.18966 ,2.83206e-14 , 1.51182e-14 , 1.39937e-14

  // region B
  0.3162 ,1.554e-11 , 5.441e-12 , 5.328e-12
  0.5623 ,5.887e-12 , 1.66e-12 , 1.628e-12
  1 ,1.86e-12 , 4.559e-13 , 4.422e-13
  1.778 ,3.077e-13 , 1.277e-13 , 1.217e-13
  3.318 ,7.692e-14 , 3.379e-14 , 3.143e-14

  // Confidence level errors for points: 0.6827
  // Confidence level errors for upper limits: 0.99
